28
71 09
83 57 81
52 68 60 91
80 60 67 80 84
14 02 57 15 77 16
49 29 19 21 14 80 34
43 84 21 81 00 70 46 21
17 81 07 38 06 84 70 47 92
47 69 86 35 62 93 92 11 52 67
93 07 73 85 93 33 93 25 81 06 63
40 46 66 50 15 80 92 32 57 31 79 86
61 66 94 45 39 46 95 52 71 75 92 92 53
20 94 54 89 21 49 48 57 78 13 95 06 92 38
11 11 52 46 25 48 69 35 41 53 67 96 09 82 28
12 64 55 15 82 27 03 89 98 30 05 31 71 70 47 56
25 68 06 54 23 63 35 15 97 05 38 55 66 40 92 68 86
82 46 06 23 21 76 81 62 88 42 02 15 10 61 44 55 29 48
28 06 23 99 92 19 02 86 69 98 39 28 01 12 46 80 54 61 26
47 68 47 20 48 99 25 52 21 30 27 92 18 00 20 52 76 31 36 04
86 71 43 04 90 28 34 22 10 99 67 79 14 42 44 46 63 03 44 91 99
03 64 79 24 76 85 79 90 60 67 85 92 51 34 86 82 48 60 57 82 73 10
28 37 43 33 94 73 14 32 42 54 80 71 01 09 69 42 50 86 65 47 53 40 14
88 88 08 10 60 25 97 85 53 66 27 52 65 46 35 71 85 83 85 62 29 16 38 56
45 64 18 96 86 83 39 47 52 70 45 90 41 79 81 79 76 92 46 19 73 58 37 38 19
35 52 99 52 34 35 60 43 12 37 53 66 93 62 30 30 53 99 42 69 23 51 00 62 59 20
28 79 95 87 81 26 16 83 69 90 14 47 30 42 01 58 38 89 79 31 66 64 18 86 44 11 64
84 74 70 18 60 48 69 92 41 45 54 90 62 52 01 22 88 41 67 88 88 21 02 82 56 20 09 58
56 05 89 77 99 55 31 81 75 54 48 00 86 88 67 40 06 40 55 31 41 47 61 39 47 64 04 68 33
69 13 13 03 26 58 87 37 64 61 82 61 35 02 04 20 97 94 33 01 41 54 72 49 96 00 24 74 41 84
18 33 73 17 57 03 98 46 93 22 32 63 11 83 84 36 01 41 26 97 82 69 88 82 05 39 17 80 56 64 67
99 09 34 33 53 27 03 60 42 18 55 67 11 04 85 63 74 79 95 54 53 80 37 71 72 89 60 31 94 32 55 45
68 32 62 29 48 31 28 24 71 22 74 35 79 19 99 51 03 44 52 23 78 55 07 36 06 36 44 34 00 90 29 97 14
27 80 59 91 74 24 52 30 36 06 72 32 38 54 84 95 11 65 97 16 97 50 28 26 28 35 80 24 62 39 04 88 99 58
30 92 69 26 59 47 04 90 78 12 17 74 33 15 37 07 03 09 06 88 13 57 19 06 75 83 07 27 79 46 33 79 62 40 70
15 00 82 72 33 26 85 02 84 09 70 28 24 25 13 73 65 50 84 80 13 53 91 32 09 25 80 38 58 13 25 03 84 36 57 07
81 22 26 89 62 43 00 26 63 38 34 46 62 16 62 96 08 43 06 42 51 59 61 00 93 43 19 04 24 21 75 25 82 73 03 51 70
14 35 75 51 72 35 27 08 58 24 81 35 33 63 04 02 01 15 30 86 55 06 36 08 51 90 00 55 66 66 99 21 16 38 36 98 92 52
11 42 07 16 04 86 90 03 69 89 60 84 00 87 71 89 60 96 49 07 25 65 17 51 72 69 56 54 21 40 25 21 29 52 86 27 52 21 19
65 98 99 00 87 72 58 35 03 15 66 74 18 76 12 21 59 88 41 55 05 81 06 63 36 59 84 46 68 47 03 28 37 34 67 58 85 23 01 79
19 70 57 58 06 73 97 61 32 42 92 44 26 51 38 23 15 93 26 25 05 09 58 50 81 06 96 77 78 03 90 37 04 42 44 49 57 35 79 57 33
63 27 30 55 70 26 45 62 19 70 51 16 49 63 11 15 58 65 24 84 65 42 22 57 73 41 51 40 11 89 64 76 41 43 26 60 34 69 77 89 77 41
20 39 42 28 04 72 44 16 17 11 62 50 77 71 84 71 37 73 97 27 60 25 60 47 64 35 16 54 28 99 88 56 42 12 11 61 52 42 14 00 42 01 32
97 11 24 11 08 34 75 06 67 24 65 11 60 97 29 37 74 10 97 75 90 78 90 47 31 66 80 13 61 85 75 41 62 32 73 19 09 64 70 03 55 66 63 27
10 59 27 43 35 07 16 86 07 29 20 82 52 18 18 27 28 41 11 30 98 31 27 68 30 00 29 01 31 91 89 53 47 97 08 64 61 35 54 73 58 57 32 27 90
98 87 61 39 00 26 80 77 10 81 25 71 36 95 40 09 54 51 74 69 11 04 41 30 28 76 71 57 90 36 88 69 24 40 40 43 25 58 31 16 97 17 23 59 97 11
31 60 66 95 95 95 86 08 35 32 33 32 00 87 75 77 81 20 98 69 48 60 19 38 52 97 23 48 32 65 60 00 31 24 94 13 12 45 54 75 33 80 22 30 97 37 12
34 22 58 32 57 85 17 01 51 18 14 74 15 98 68 10 29 38 82 80 67 82 04 12 77 25 74 18 23 98 54 12 83 02 87 67 63 04 27 00 78 49 18 07 41 38 41 29
30 07 02 09 63 73 36 20 74 50 36 71 01 40 01 88 31 48 00 94 97 72 47 26 63 67 85 38 89 81 75 47 21 99 37 38 23 85 02 53 96 79 24 81 35 30 23 12 31
17 56 95 00 35 37 23 51 68 52 04 59 75 65 51 33 41 15 08 67 58 72 91 15 77 16 58 96 32 10 05 04 39 79 24 64 27 78 44 98 47 40 39 54 49 65 84 21 81 41
43 38 32 79 55 40 90 45 17 23 10 35 18 33 43 44 79 69 41 76 34 05 32 24 11 64 83 31 82 14 96 91 38 24 98 20 75 90 76 59 50 71 22 14 25 55 09 51 37 14 04
63 44 73 89 72 00 23 45 24 88 92 05 51 86 38 33 91 31 73 03 44 11 84 20 80 03 54 32 76 99 23 87 08 98 66 02 97 07 71 76 32 91 69 61 30 87 99 74 30 32 28 66
09 00 77 21 50 07 70 12 40 99 67 03 28 23 83 06 21 56 38 35 35 40 43 51 10 28 10 38 89 20 35 33 41 24 64 30 02 57 25 06 16 07 89 43 40 09 44 33 69 16 78 29 64
16 55 47 07 55 00 69 44 55 48 42 34 23 72 65 45 60 84 29 96 15 86 89 02 82 45 71 57 00 60 01 34 40 57 02 30 61 81 81 66 56 00 25 34 01 60 17 39 75 09 19 19 57 86
70 91 60 34 67 68 05 60 86 34 79 87 53 67 82 10 34 60 42 79 09 42 47 07 96 92 51 13 11 42 74 96 19 32 04 95 36 20 22 79 07 68 93 81 49 80 46 83 42 62 83 10 56 11 47
29 64 85 10 98 07 51 83 27 43 69 89 56 04 69 98 00 61 70 33 98 75 87 21 77 04 65 99 10 29 07 22 88 56 74 76 47 24 13 96 54 94 12 38 26 95 49 61 82 84 56 63 59 93 86 61
10 60 29 74 47 38 64 57 55 14 18 50 81 38 69 93 90 54 13 68 67 73 86 37 56 64 65 21 55 59 41 59 39 51 13 23 18 90 90 80 39 62 02 22 28 66 38 17 68 17 20 37 41 16 66 18 89
64 88 78 24 12 09 68 54 62 13 71 89 40 23 69 04 57 79 22 43 90 15 88 05 18 06 82 07 83 69 94 27 53 60 92 84 82 51 47 38 57 52 58 06 12 58 85 67 01 47 85 70 20 75 64 70 58 32
24 56 64 63 09 65 96 74 53 05 21 95 74 21 17 87 79 07 50 66 37 45 49 03 39 63 00 98 54 84 72 45 00 62 54 67 93 51 16 25 13 81 76 87 70 64 10 03 23 09 86 03 35 52 32 33 68 49 75
53 40 34 77 62 30 83 91 36 20 98 53 84 77 91 71 22 99 21 83 98 89 81 78 90 22 83 08 81 71 71 25 51 61 28 03 76 95 58 11 40 62 03 33 74 74 92 29 10 69 03 05 84 79 63 44 99 40 91 80
87 28 45 33 19 04 88 45 45 88 89 14 84 73 48 50 17 65 49 32 18 35 69 81 91 97 73 15 04 83 11 32 71 55 70 07 83 14 02 09 93 15 27 92 76 15 70 79 03 50 28 60 88 24 57 35 50 85 16 56 57
64 12 32 54 89 36 51 60 28 91 32 96 35 49 39 39 81 98 03 16 40 66 67 72 13 83 49 29 51 59 46 93 57 76 40 08 35 60 46 00 81 18 01 62 29 77 21 46 50 89 83 48 51 17 18 29 44 42 68 04 12 51
04 50 26 38 76 34 71 19 43 10 27 08 15 36 98 67 08 35 62 94 63 18 65 61 16 91 90 34 39 74 84 73 90 02 54 60 10 91 33 49 20 83 45 54 32 57 11 62 98 19 53 54 44 99 27 67 91 77 20 58 52 09 80
61 40 84 91 09 16 93 30 74 17 18 99 11 84 55 59 46 73 29 23 51 00 47 49 86 03 12 56 73 86 42 96 23 50 54 14 33 19 99 44 32 69 07 35 58 44 19 52 51 48 66 75 85 20 47 45 31 61 52 56 39 50 19 55
19 82 29 86 59 96 66 98 59 57 61 89 53 15 05 27 25 66 17 72 40 03 44 67 65 05 53 89 47 95 39 15 69 97 38 70 84 38 38 12 40 19 48 95 33 09 43 59 79 25 31 88 54 50 26 23 04 20 39 96 62 83 78 61 18
98 22 64 04 53 46 03 10 46 04 49 26 50 12 74 38 36 94 09 97 53 79 54 20 44 31 68 86 42 20 14 02 67 39 64 85 41 17 00 50 21 86 55 62 27 48 19 57 71 13 09 67 40 24 22 57 84 33 76 21 71 97 63 88 48 49
79 33 18 17 93 42 35 07 41 07 68 05 49 67 83 34 91 86 89 12 42 80 83 34 55 53 11 44 50 76 51 51 80 35 82 05 75 26 09 36 96 34 95 66 72 65 59 05 00 36 63 29 07 96 11 45 81 31 36 64 78 53 77 87 85 23 58
71 21 99 11 59 28 58 35 35 31 25 48 45 05 15 05 21 27 62 25 26 26 12 90 91 94 29 84 73 85 47 06 47 09 21 98 69 25 78 52 51 02 00 90 28 82 44 75 53 08 49 09 38 29 83 90 18 10 53 19 24 02 69 27 89 81 78 99
65 62 70 79 71 80 94 08 93 30 76 94 18 44 45 48 29 66 22 74 55 25 91 26 94 21 21 74 61 98 39 47 92 26 47 57 72 76 35 25 02 03 49 48 26 20 80 49 93 75 88 32 70 24 54 50 81 17 60 20 95 58 98 17 56 54 30 10 15
37 56 81 66 53 34 15 10 07 47 69 57 53 99 51 69 06 76 39 77 55 88 61 44 10 26 32 47 84 54 69 22 65 54 77 08 76 40 78 77 38 45 92 31 42 05 24 05 36 94 51 06 04 13 97 41 58 33 60 90 66 25 12 58 73 05 79 55 22 17
76 84 05 80 58 80 23 00 13 17 53 89 05 47 82 82 89 59 27 16 85 25 77 58 55 40 52 72 18 60 02 66 52 94 59 12 34 25 87 81 21 87 38 24 59 68 19 21 01 81 06 59 24 26 51 78 89 26 21 46 48 51 61 77 15 11 81 95 06 62 61
03 98 99 80 83 28 07 88 65 88 27 42 70 30 39 42 51 66 94 62 21 02 56 30 55 27 05 04 81 17 58 87 53 34 01 19 27 26 77 51 88 11 69 78 52 23 04 62 71 58 38 34 15 27 31 08 86 37 30 85 05 87 29 09 34 96 34 70 86 65 71 35
33 14 82 40 52 92 87 53 37 90 42 72 09 57 23 81 55 39 12 49 96 67 79 41 02 15 33 81 92 56 67 21 68 98 38 02 16 71 10 87 55 11 42 73 57 19 23 94 61 42 73 60 18 03 85 45 17 85 58 69 90 64 21 26 76 41 24 07 29 99 09 85 22
50 67 32 90 83 60 69 75 77 77 85 00 63 05 76 47 90 50 82 30 85 05 68 77 09 52 26 45 20 32 46 92 70 82 87 23 35 41 15 46 36 35 01 55 50 22 99 61 08 72 76 60 28 50 83 08 00 97 82 65 25 87 26 79 55 44 59 50 79 74 49 36 25 90
28 45 82 08 80 76 40 32 11 56 82 63 50 08 04 27 04 13 54 51 91 94 84 76 45 90 43 73 37 59 44 54 49 12 83 82 69 12 17 11 40 34 80 59 21 41 57 52 88 53 46 78 55 97 03 50 50 49 20 79 79 76 90 80 60 07 54 66 23 10 11 69 88 01 08
42 75 55 69 68 18 73 96 99 72 06 08 35 47 13 17 24 02 83 20 90 17 82 27 52 94 73 21 17 70 76 37 07 93 14 62 48 32 56 72 98 83 55 20 74 08 41 98 27 09 96 06 57 57 53 44 76 11 97 52 25 25 67 32 43 09 98 82 10 80 29 08 11 95 38 57
82 53 84 98 73 86 55 95 49 42 22 90 09 07 48 00 56 61 25 23 40 30 19 76 23 62 34 90 69 10 92 95 96 42 04 00 96 82 78 85 98 35 15 04 67 63 85 77 57 17 33 94 78 98 47 63 14 66 96 79 64 00 68 75 62 77 65 19 94 27 94 73 90 28 79 94 99
86 24 04 34 20 26 15 30 11 93 74 08 01 54 93 36 49 45 57 92 39 06 07 72 30 91 78 18 34 59 47 98 52 69 92 79 98 48 91 73 68 79 45 55 29 12 95 15 06 64 80 27 84 10 57 27 18 69 24 55 68 88 57 81 54 14 02 61 67 10 61 75 09 94 46 27 59 41
19 30 19 57 14 58 16 04 41 00 68 64 02 50 30 38 45 17 84 41 53 61 29 10 61 31 08 59 70 23 56 62 54 58 72 90 51 32 40 34 99 56 53 17 75 24 34 97 10 99 09 95 27 42 26 25 36 43 38 06 35 82 37 20 21 83 38 96 20 09 21 17 11 76 95 00 36 33 96
44 92 83 97 21 20 53 25 28 42 43 42 99 91 05 89 84 71 74 16 09 80 71 35 85 61 39 86 97 62 18 70 52 13 56 64 69 31 10 48 79 20 37 98 93 27 02 71 08 65 44 61 04 41 42 74 89 57 37 48 00 55 85 17 66 01 94 65 86 56 43 34 13 83 19 96 08 22 49 62
30 75 67 52 93 33 17 76 81 45 01 30 03 25 77 43 17 18 71 29 97 91 14 58 46 10 63 94 01 18 58 62 88 08 00 84 73 03 22 97 29 95 53 87 62 55 83 03 04 65 72 58 81 03 92 25 29 81 75 42 54 42 77 07 59 50 58 42 27 68 13 68 67 76 71 08 07 65 45 63 14
65 39 37 65 48 85 10 30 15 08 22 86 75 08 08 82 49 67 64 76 44 03 06 38 91 44 12 11 50 60 24 56 03 72 80 32 01 97 50 39 34 74 79 10 29 02 33 42 09 99 26 25 54 76 43 79 03 43 86 06 06 58 03 72 04 38 13 99 46 69 11 44 56 67 68 18 28 29 70 95 83 34
01 81 24 23 08 82 44 89 98 19 14 45 44 60 17 00 49 05 20 53 60 66 57 88 47 94 42 51 53 95 69 71 20 36 39 42 60 42 42 87 14 14 31 84 02 57 01 40 07 26 54 87 16 65 50 74 91 81 53 26 27 42 06 24 27 92 95 76 70 86 05 24 96 29 40 46 11 79 44 74 45 32 40
26 38 80 97 16 30 89 57 52 90 25 79 09 17 30 60 30 36 86 06 82 23 12 77 48 08 60 49 89 26 44 78 03 76 69 59 78 89 56 73 91 55 19 37 47 80 38 02 60 71 79 50 55 01 77 27 76 41 96 40 63 89 03 03 20 63 40 35 01 33 51 54 07 50 57 68 64 51 72 49 08 89 49 00
11 38 98 87 62 12 46 11 78 22 34 83 22 08 18 04 07 79 58 14 17 32 31 65 62 49 96 53 00 39 02 63 34 65 31 86 54 16 73 35 69 99 53 77 27 48 40 34 84 53 10 62 02 72 73 79 29 76 75 79 28 66 53 07 88 53 69 16 26 15 81 22 49 86 02 00 72 72 86 83 86 19 08 38 22
35 53 89 35 66 18 57 58 79 52 78 76 77 94 14 19 54 74 73 84 10 23 67 10 79 90 80 91 02 97 13 67 77 07 67 79 45 66 90 93 02 22 57 00 27 64 40 13 06 42 96 53 54 76 05 25 59 84 00 56 15 90 22 94 03 04 37 07 98 74 86 31 07 04 26 10 91 54 96 16 10 74 78 97 00 93
95 15 07 61 03 35 00 72 65 07 90 94 75 35 36 59 21 50 03 88 90 18 88 80 69 92 72 35 46 09 52 41 62 47 40 58 70 66 69 38 40 19 10 56 22 91 52 55 56 53 16 77 56 69 06 67 00 94 10 46 67 29 91 15 79 47 85 55 09 54 56 75 57 72 91 36 77 67 76 43 04 46 73 73 66 07 25
23 23 68 77 19 84 99 42 26 82 72 46 37 78 58 91 00 47 90 23 04 38 04 44 58 59 66 42 33 24 37 90 53 90 67 41 00 28 38 24 39 00 64 37 58 71 04 87 06 54 77 92 85 31 06 93 98 41 66 51 97 12 05 29 70 62 90 56 62 50 42 44 58 74 84 95 34 16 24 55 76 20 10 04 61 51 24 30
31 10 01 29 59 82 14 95 40 21 80 60 39 84 30 07 09 27 45 63 76 14 94 69 48 01 86 19 38 94 27 34 99 09 71 27 22 63 49 55 93 40 16 57 70 41 36 60 34 46 86 56 85 26 83 51 36 86 76 80 24 80 09 38 68 45 63 82 56 63 87 15 87 16 49 94 78 25 82 01 03 84 01 96 13 20 47 67 17
92 90 57 27 16 00 44 31 69 51 16 29 92 86 29 59 31 56 40 13 35 16 79 26 07 95 19 70 52 68 41 07 38 20 86 67 25 22 76 49 09 43 76 65 72 64 79 91 90 59 09 16 86 64 06 78 50 04 96 74 13 01 68 95 09 77 28 39 33 91 86 32 41 35 59 22 29 18 77 32 64 32 38 33 86 62 12 49 41 30
79 12 45 02 76 33 98 25 65 89 20 28 64 79 56 48 96 82 33 57 04 84 71 29 82 17 08 31 06 28 71 08 01 73 04 53 28 44 86 36 03 53 64 27 37 59 98 72 98 67 85 72 05 30 83 23 18 91 38 31 12 24 29 47 14 40 12 43 87 77 67 95 51 71 99 79 70 36 90 92 32 80 43 19 84 48 57 52 09 28 16
72 07 24 23 07 01 84 23 93 61 33 03 90 04 42 28 47 66 27 84 68 07 72 46 60 47 41 55 86 17 95 03 63 67 99 69 09 24 21 93 43 73 92 36 00 24 20 98 63 53 87 50 89 50 32 40 85 60 06 41 58 56 04 64 27 01 72 65 08 89 66 11 65 94 91 19 79 76 63 39 24 15 67 97 83 39 55 19 62 53 58 19
15 17 85 32 24 21 65 97 17 40 78 28 44 62 03 65 67 80 29 89 09 34 16 43 23 41 27 35 84 42 92 71 75 24 89 19 78 76 50 65 31 15 11 01 47 01 37 00 69 39 04 16 66 34 03 32 42 96 71 76 88 53 80 39 23 05 99 91 67 19 78 31 07 24 44 12 25 13 14 76 99 57 40 09 75 60 86 60 84 32 95 54 07
37 03 20 81 10 42 40 55 98 90 20 28 04 75 25 30 67 63 59 34 75 73 41 94 50 83 06 70 19 35 79 90 11 40 05 54 12 28 37 64 21 66 66 56 90 48 32 07 93 30 80 90 06 07 44 66 56 76 27 35 35 76 71 23 57 22 10 10 09 59 38 58 07 99 30 18 67 42 49 54 69 89 44 01 22 63 86 97 11 62 80 65 71 94
03 51 07 98 71 49 19 20 75 91 25 13 75 12 90 69 22 87 03 42 89 79 30 91 48 05 95 49 90 90 42 49 60 39 82 43 38 37 31 09 17 38 88 51 82 32 93 09 60 08 83 82 55 22 37 83 40 20 17 70 85 54 65 61 28 22 60 88 05 05 49 44 67 06 93 87 33 14 28 76 29 74 10 30 12 72 60 61 71 72 63 06 92 00 42
67 18 23 36 68 53 36 89 65 44 32 06 62 21 39 91 23 52 80 37 15 13 82 50 46 69 38 57 77 27 66 35 38 72 68 07 48 15 35 26 51 72 48 00 37 07 54 13 88 20 64 00 53 44 38 19 60 21 59 35 82 57 03 20 41 24 13 34 04 75 04 79 11 20 53 53 55 22 80 03 98 28 45 90 20 92 74 06 20 45 47 81 29 57 79 52
44 01 95 66 01 66 34 85 82 69 17 55 80 32 33 99 38 99 96 50 83 02 75 07 48 34 37 02 66 14 74 39 90 11 14 86 93 90 07 94 02 25 25 36 94 55 41 66 65 93 12 28 12 93 23 83 49 50 84 09 45 27 94 88 25 01 41 58 80 29 71 56 50 87 34 95 29 60 81 32 40 97 00 26 04 11 00 80 43 23 77 80 55 86 18 99 87
68 90 35 91 33 72 18 30 91 96 69 29 55 19 72 56 42 02 06 82 19 16 84 94 58 59 30 36 51 53 72 65 34 06 21 76 67 26 19 63 93 37 99 30 33 96 19 25 37 71 07 22 00 33 95 57 96 85 44 28 23 77 66 33 99 61 16 20 45 60 52 60 82 72 38 92 75 74 99 35 50 96 29 81 85 22 25 46 22 35 27 14 03 65 01 69 98 65
25 78 66 97 06 25 60 76 65 87 95 40 73 69 50 18 75 59 18 93 03 78 36 84 60 37 31 71 71 51 16 26 15 62 59 31 36 28 77 63 83 18 48 95 47 11 73 92 48 06 42 59 47 82 59 86 41 55 95 90 15 44 52 70 34 43 52 92 64 41 39 97 57 29 14 68 00 14 28 75 90 16 39 36 85 27 61 80 48 60 81 91 25 44 71 65 97 47 90